{"22.5": {"15": [[0, 0, 0, 63, 161, 168, 150, 255, 150, 168, 161, 63, 0, 0, 0], [0, 16, 104, 128, 255, 212, 136, 255, 136, 212, 255, 128, 104, 16, 0], [0, 104, 254, 227, 181, 255, 153, 255, 153, 255, 181, 227, 254, 104, 0], [63, 128, 227, 255, 165, 255, 220, 255, 220, 255, 165, 255, 227, 128, 63], [161, 255, 181, 165, 255, 228, 255, 255, 255, 228, 255, 165, 181, 255, 161], [168, 212, 254, 255, 228, 255, 255, 255, 255, 255, 228, 255, 255, 212, 168], [150, 136, 153, 220, 255, 255, 255, 255, 255, 255, 255, 220, 153, 136, 150], [255, 255, 255, 255, 255, 255, 255, 255, 255, 255, 255, 255, 255, 255, 255], [150, 136, 153, 220, 255, 255, 255, 255, 255, 255, 255, 220, 153, 136, 150], [168, 212, 255, 255, 228, 255, 255, 255, 255, 255, 228, 255, 255, 212, 168], [161, 255, 181, 165, 255, 228, 255, 255, 255, 228, 255, 165, 181, 255, 161], [63, 128, 227, 255, 165, 255, 220, 255, 220, 255, 165, 255, 227, 128, 63], [0, 104, 254, 227, 181, 255, 153, 255, 153, 254, 181, 227, 254, 104, 0], [0, 16, 104, 128, 255, 212, 136, 255, 136, 212, 255, 128, 104, 16, 0], [0, 0, 0, 63, 161, 168, 150, 255, 150, 168, 161, 63, 0, 0, 0]], "17": [[0, 0, 0, 15, 79, 143, 135, 162, 255, 162, 135, 143, 79, 15, 0, 0, 0], [0, 0, 52, 106, 150, 255, 168, 150, 255, 150, 168, 255, 150, 106, 52, 0, 0], [0, 52, 188, 242, 150, 255, 212, 136, 255, 136, 212, 255, 150, 242, 188, 52, 0], [15, 106, 242, 255, 227, 181, 255, 153, 255, 153, 255, 181, 227, 255, 242, 106, 15], [79, 150, 150, 227, 255, 165, 255, 220, 255, 220, 255, 165, 255, 227, 150, 150, 79], [143, 255, 255, 181, 165, 255, 228, 255, 255, 255, 228, 255, 165, 181, 255, 255, 143], [135, 168, 212, 254, 255, 228, 255, 255, 255, 255, 255, 228, 255, 255, 212, 168, 135], [162, 150, 136, 153, 220, 255, 255, 255, 255, 255, 255, 255, 220, 153, 136, 150, 162], [255, 255, 255, 255, 255, 255, 255, 255, 255, 255, 255, 255, 255, 255, 255, 255, 255], [162, 150, 136, 153, 220, 255, 255, 255, 255, 255, 255, 255, 220, 153, 136, 150, 162], [135, 168, 212, 255, 255, 228, 255, 255, 255, 255, 255, 228, 255, 255, 212, 168, 135], [143, 255, 255, 181, 165, 255, 228, 255, 255, 255, 228, 255, 165, 181, 255, 255, 143], [79, 150, 150, 227, 255, 165, 255, 220, 255, 220, 255, 165, 255, 227, 150, 150, 79], [15, 106, 242, 255, 227, 181, 255, 153, 255, 153, 254, 181, 227, 255, 242, 106, 15], [0, 52, 188, 242, 150, 255, 212, 136, 255, 136, 212, 255, 150, 242, 188, 52, 0], [0, 0, 52, 106, 150, 255, 168, 150, 255, 150, 168, 255, 150, 106, 52, 0, 0], [0, 0, 0, 15, 79, 143, 135, 162, 255, 162, 135, 143, 79, 15, 0, 0, 0]], "19": [[0, 0, 0, 0, 37, 115, 153, 140, 171, 255, 171, 140, 153, 115, 37, 0, 0, 0, 0], [0, 0, 0, 54, 109, 213, 255, 147, 162, 255, 162, 147, 255, 213, 109, 54, 0, 0, 0], [0, 0, 92, 151, 166, 152, 255, 168, 150, 255, 150, 168, 255, 152, 166, 151, 92, 0, 0], [0, 54, 151, 255, 242, 150, 255, 212, 136, 255, 136, 212, 255, 150, 242, 255, 151, 54, 0], [37, 109, 166, 242, 255, 227, 181, 255, 153, 255, 153, 255, 181, 227, 255, 242, 166, 109, 37], [115, 213, 152, 150, 227, 255, 165, 255, 220, 255, 220, 255, 165, 255, 227, 150, 152, 213, 115], [153, 255, 255, 255, 181, 165, 255, 228, 255, 255, 255, 228, 255, 165, 181, 255, 255, 255, 153], [140, 147, 168, 212, 254, 255, 228, 255, 255, 255, 255, 255, 228, 255, 255, 212, 168, 147, 140], [171, 162, 150, 136, 153, 220, 255, 255, 255, 255, 255, 255, 255, 220, 153, 136, 150, 162, 171], [255, 255, 255, 255, 255, 255, 255, 255, 255, 255, 255, 255, 255, 255, 255, 255, 255, 255, 255], [171, 162, 150, 136, 153, 220, 255, 255, 255, 255, 255, 255, 255, 220, 153, 136, 150, 162, 171], [140, 147, 168, 212, 255, 255, 228, 255, 255, 255, 255, 255, 228, 255, 255, 212, 168, 147, 140], [153, 255, 255, 255, 181, 165, 255, 228, 255, 255, 255, 228, 255, 165, 181, 255, 255, 255, 153], [115, 213, 152, 150, 227, 255, 165, 255, 220, 255, 220, 255, 165, 255, 227, 150, 152, 213, 115], [37, 109, 166, 242, 255, 227, 181, 255, 153, 255, 153, 254, 181, 227, 255, 242, 166, 109, 37], [0, 54, 151, 255, 242, 150, 255, 212, 136, 255, 136, 212, 255, 150, 242, 255, 151, 54, 0], [0, 0, 92, 151, 166, 152, 255, 168, 150, 255, 150, 168, 255, 152, 166, 151, 92, 0, 0], [0, 0, 0, 54, 109, 213, 255, 147, 162, 255, 162, 147, 255, 213, 109, 54, 0, 0, 0], [0, 0, 0, 0, 37, 115, 153, 140, 171, 255, 171, 140, 153, 115, 37, 0, 0, 0, 0]], "21": [[0, 0, 0, 0, 0, 58, 132, 148, 131, 179, 255, 179, 131, 148, 132, 58, 0, 0, 0, 0, 0], [0, 0, 0, 20, 65, 146, 255, 220, 140, 171, 255, 171, 140, 220, 255, 146, 65, 20, 0, 0, 0], [0, 0, 41, 122, 163, 167, 213, 255, 147, 162, 255, 162, 147, 255, 213, 167, 163, 122, 41, 0, 0], [0, 20, 122, 255, 203, 166, 152, 255, 168, 150, 255, 150, 168, 255, 152, 166, 203, 255, 122, 20, 0], [0, 65, 163, 203, 255, 242, 150, 255, 212, 136, 255, 136, 212, 255, 150, 242, 255, 203, 163, 65, 0], [58, 146, 167, 166, 242, 255, 227, 181, 255, 153, 255, 153, 255, 181, 227, 255, 242, 166, 167, 146, 58], [132, 255, 213, 152, 150, 227, 255, 165, 255, 220, 255, 220, 255, 165, 255, 227, 150, 152, 213, 255, 132], [148, 220, 255, 255, 255, 181, 165, 255, 228, 255, 255, 255, 228, 255, 165, 181, 255, 255, 255, 220, 148], [131, 140, 147, 168, 212, 254, 255, 228, 255, 255, 255, 255, 255, 228, 255, 255, 212, 168, 147, 140, 131], [179, 171, 162, 150, 136, 153, 220, 255, 255, 255, 255, 255, 255, 255, 220, 153, 136, 150, 162, 171, 179], [255, 255, 255, 255, 255, 255, 255, 255, 255, 255, 255, 255, 255, 255, 255, 255, 255, 255, 255, 255, 255], [179, 171, 162, 150, 136, 153, 220, 255, 255, 255, 255, 255, 255, 255, 220, 153, 136, 150, 162, 171, 179], [131, 140, 147, 168, 212, 255, 255, 228, 255, 255, 255, 255, 255, 228, 255, 255, 212, 168, 147, 140, 131], [148, 220, 255, 255, 255, 181, 165, 255, 228, 255, 255, 255, 228, 255, 165, 181, 255, 255, 255, 220, 148], [132, 255, 213, 152, 150, 227, 255, 165, 255, 220, 255, 220, 255, 165, 255, 227, 150, 152, 213, 255, 132], [58, 146, 167, 166, 242, 255, 227, 181, 255, 153, 255, 153, 254, 181, 227, 255, 242, 166, 167, 146, 58], [0, 65, 163, 203, 255, 242, 150, 255, 212, 136, 255, 136, 212, 255, 150, 242, 255, 203, 163, 65, 0], [0, 20, 122, 255, 203, 166, 152, 255, 168, 150, 255, 150, 168, 255, 152, 166, 203, 255, 122, 20, 0], [0, 0, 41, 122, 163, 167, 213, 255, 147, 162, 255, 162, 147, 255, 213, 167, 163, 122, 41, 0, 0], [0, 0, 0, 20, 65, 146, 255, 220, 140, 171, 255, 171, 140, 220, 255, 146, 65, 20, 0, 0, 0], [0, 0, 0, 0, 0, 58, 132, 148, 131, 179, 255, 179, 131, 148, 132, 58, 0, 0, 0, 0, 0]]}}